4153344
44302336
22151168
11075584
22151168
22151168
11075584
5537792
11075584
11075584
5537792
11075584
11075584
5537792
2768896
5537792
5537792
2768896
5537792
5537792
2768896
5537792
5537792
2768896
5537792
5537792
2768896
5537792
5537792
2768896
5537792
5537792
2768896
5537792
5537792
2768896
5537792
5537792
2768896
1384448
2768896
2768896
1384448
2768896
2768896
1384448
2768896
2768896
1384448
2768896
2768896
1384448
2768896
2768896
1384448
2768896
2768896
1384448
2768896
2768896
1384448
2768896
2768896
1384448
692224
1384448
1384448
692224
1384448
1384448
692224
1384448
1384448
692224
1384448
1384448
692224
1384448
692224
1384448
692224
1384448
692224
346112
4153344
1384448
2768896
1384448
2768896
1384448
2768896
1384448
692224
8306688
2768896
5537792
2768896
5537792
2768896
5537792
