6912
147456
16384
147456
589824
65536
589824
65536
589824
2359296
262144
2359296
262144
2359296
262144
2359296
262144
2359296
262144
2359296
262144
2359296
262144
2359296
262144
2359296
9437184
1048576
9437184
1048576
9437184
1048576
9437184
1048576
9437184
1048576
9437184
1048576
9437184
1048576
9437184
1048576
9437184
37748736
4194304
37748736
4194304
37748736
4194304
37748736
4194304
37748736
4194304
37748736
4194304
37748736
4194304
37748736
2088960
1048576
1572864
9437184
1048576
9437184
1048576
9437184
1044480
262144
393216
2359296
262144
2359296
262144
2359296
522240
